tinyimagenet_vgg19_bn_SNIP
88.53614084193451
0.03215925502751316
88.50398384198222
0.00036336505580281337


tinyimagenet_resnet2x_SNIP
104.3057943384343
0.3628244447588813
103.9429758115308
0.003490610519144207


tinyimagenet_vgg19_bn_GraSP
-0.507736287154694
-0.009135472805408006
-0.49860108303249095
0.01832220810642062


tinyimagenet_resnet2x_GraSP
-2.3355506451393264
-0.03223569278670613
-2.3033149565084177
0.013995347312628074


tinyimagenet_vgg19_bn_GraSP_abs
58735984.89014138
138884.30622624405
58597106.39449101
0.00237015639119172


tinyimagenet_resnet2x_GraSP_abs
4887388907.566889
35392568.03962755
4851997026.714283
0.007294433167366344



========== grasp analysis ==========

tinyimagenet_vgg19_bn_GraSP
483.13816695558137
1.044785222411298
482.0933666247873
0.002167184397756821



tinyimagenet_resnet2x_GraSP
902.7529575978348
13.040710589476909
889.7122236029073
0.01465722313746381


 

